<dim>
  43 36 29 
<end>
<res>
  2.00e-07
<end>
<geo char> 
1111011100001111001110000000001111111111111
1100000000011111111000000000000111001111100
1000000000111111111111111001100111000111111
1000000000111111111111111100110110000011111
1110000000111111111111111100110010000011111
1110000000000111111111111111111111100111111
1110000000010111111111111111111111100111111
0111000001111111111111111111111111100111111
0110000011111111111111111110000111100011111
1110000011111100111111111111000111000111111
1110000011111111111011111111100000011111111
1011000011111111110011111111100000111111111
1111000001111111110001111111100111111100011
1111000011111111110001111111100011111011111
0000000011111111110000001101110011011111111
0000000011111111110011100001110011001111111
1111110011111111101111111001111000000111111
1111111011111111101111111111111100110001111
0100011111111111001111111110111100111001111
1110001111111111000111111100111100111011111
1110000111111111111011100000011111111111001
1110001111111111111000000011111111111111001
1000011111111111110000000011111111111111001
1001111111111111110011111000100111111111011
1011111111111111100111111000000001111111111
1111111111111111111110111000000011110111111
1111111111111111111111111110110111110001111
1111111111111111111111111111111111111111111
1111111111111111111111111111111111111111111
1111111111111111111111111111111111111111111
1111111111111111111111111111111111111111111
1111111111111111111111111111111111111111111
1111111111111111111111111111111111111111111
1111111111111111111111111111111111111111111
1111111111111111111111111111111111111111111
1111111111111111111111111111111111111111111

1111000000001111101111100000001111111110000
1000000000001111000000000001000111011111101
0000000000000111000000000001100110001111111
1000000000001000000111111001100000000001111
1110000000001000000111111100000000000001111
1110000000001011001111111110110011000111111
1100000000111111111111111110111111000111111
1100000001111111111111111111111111100111111
0110000011111111111111111111111111000111111
1110000011111111111111111111000110000111111
1110000011111111110011111111100000111111111
1111000011111111110011111111100001111111111
1111000011111111110011111111100111111110000
1111000011111111101000111111100011111111111
0100000011111111101000001111110111011111111
0000000011111111110011100001111111101111111
0000000011111111110111110001111111110111111
0000000011111111001111111100111100110001111
0000000011111111001111111110111100110001111
0000000111111111001111111100011100111111101
0000000111111111111111110000111111111111101
1000001111111111110000000000111111111111100
1000111111111110110000000001111111111111001
1001111111111111110011111111111111111111111
1011111111111111100111111110000001111111111
1111111111111111111101111001000000111111111
1111111111111111111111111111111000100011111
1111111111111111111111111111111111110001111
1111111111111111111111111111111111101111111
1111111111111111111111111111111111111111111
1111111111111111111111111111111111111111111
1111111111111110111111111111111111111111111
1111111111111111111111111111111111111111111
1111111111111111111111111111111111111111111
1111111111111111111111111111111111111111111
1111111111111111111111111111111111111111111

1111100000001111001110000000000111111000000
1000000000001111000000000000000111111000111
0000000000000111000000000001100110011111111
0000000000000000000000100001110000001111111
1110000000000000000111110000000000000011111
1110000000111100001111111000000010011001111
1100000001111111101111110100000111001111111
1100000011111111111111110111111111000111111
1110000011111111100111111111111010000111111
1110000011111111100011111111100000011111111
1110000111111111100011111111000000111111111
1111000011111111100011111111100111111111011
0110000011111111100011111111111111111111000
0010000011111111101001111111101111111110000
0000000111111111111000011111111111111100011
0000000011111111111000000001111111111111111
0000000011111111111111110001111111111111111
0000000011111111001111111000111000011011111
0000000011111111001111111100011000010001111
0000000011111111001111111000011100111111001
0000000111111111111111111100111111111111101
1000001111111111110000001101111111111111100
1000011111111111110000000001111111111111000
1001111111111111110011111111111111111111000
1111111111111111110111111111111111111111111
1111111111111111111111111111110001111111111
1111111111111111111111111111111100111111111
1111111111111111111111111111111111100001111
1111111111111111111111111111111111101111111
1111111111111111111111111111111111111111111
1111111111111111111111111111111111111111111
1111101111111100011111111111111111111111111
1111111111111111111111111111111111111111111
1111111111111111111111111111111111111111111
1111111111111111111111111111111111111111111
1111111111111111111111111111111111111111111

1111110000000000001000000111111111111111001
1001110000000000000000000011111110111101111
0000000000000000000000000001100111111111111
0000000000000000000000000001110000011111101
1111000000000000000000000000000000011110011
1111000001110111000111110000000010011000111
1110000011111111100111110010000110011001111
1000000011111111100111110011110010000011111
0000000111111111100011111111111000001111111
1110000111111111100011111111111100011111111
1110000111111111100011111111000110111111111
1110000111111111100011111111101111111111110
1110000111111111111011111111101111111111100
0110000111111111111101111111011111111111000
0000000011111111111100011110111101111110000
0000000111111111111100000000111101111110000
0000000011111111111111000000111100011110000
0000000111111111111111110000011100011111000
0000000111111111111111111000000000011001000
0000000111111111111111111000001100011011100
0111000111111111110111111000111111111111111
1111111111111111111000111101111111111111111
1001111111111111110000001101111111111111011
1000111111111111110001111111111111111111001
1111111111111111110111111111111111111111000
1111111111111111110111111111111011111111000
1111111111111111111111111111111111111111100
1111111111111111111111111111111111000001111
1111111111111111111111111111111111100001111
1111111111111111111111111111111111111111111
1111111111111111111111111111111111111111111
1111100111111001011111111111111111111111111
1111111111111111101111111111111111111111111
1111111111111111111111111111111111111111111
1111111111111111111111111111111111111111111
1111111111111111111111111111111111111111111

1111110000000000001111111111111111111110001
0011000000000000000000000011111110111001101
0000000000000000000000000011100111111111111
0000000000000000000000000011100001111111011
1111000000110000000000011100000000111110011
1100000011111111100000011110000000011100111
1100000111111111100000011111000000011001111
0000000111111111100000011111100000000011111
0000000111111111100000111111110000001111111
1100000111111111100011111010100100111111111
1110000111111111100011111110011111111111111
1110000111111111111111111111111111111111110
1110000111111111111101111111111111111111110
1110000111111111111100111111011111111111100
0000000111111111111000011110111111111111000
0000000111111111111100000000111100001100000
0000000111111111111110000000111100011110000
0000000111111111111111110000011000011111000
0000001111111111111111111000000000001111000
0000011111111111111111111000000000011111100
1111111110111111111011111000111111011111111
1111111111111111111000110001111111111111111
1111111111111111111000001101111111111111111
1011111111111111111100011101111111111111011
0111111111111111111101111110111111111110000
1111111111111111111111111110111111111110000
1111111111111111111111111111111111111100000
1111111111111111111111111111111111111000001
1111111111111111111111111111111111100001111
1111111111111111111111111110111111100111111
1111111101110110111111111111111111111111111
1111100011100011111111111111111111111111111
1111101111110111101111111111111111111111111
1111111111111111111111111111111111111111111
1111111111111111111111111111111111111111111
1111111111111111111111111111111111111111111

1111110110000000001111111111111111111100001
0010001110000000000001100011111100000011111
0000000000000000000000000011111111111111111
1100000000110000001100001011100111111111111
1110000011110000011100011100000001111100111
1111000111111111101000011110000000111000111
0011000111111111100000001111000000000000111
0001000111111111100000011111100000000011111
0000000111111111100000011111100000101111111
0000000111111111110000111000110111111111111
1110000111111111111111111001111111111111111
1100000111111111111111111111111111111111111
1110000111111111111101111111111101111111110
1110000111111111111100111111111111111111110
0000011111111111111100000011111111111111100
0000111111111111111100000011111101111110000
0000111111111111111110000000111100011110000
0001111111111111111110000000111100011110010
0011111111111111111111110000010000011111111
0111111111111111111111111111000000011111111
0111111111111111111101111111111110011111111
1111111111111111111100011100111110011111111
1111111111111111111100001110111111111111111
1111111111111111111100001111111111111111111
0111111111111111111000011110011111111110011
1111111111111111111111111110111111111110000
1111111111111111111111111111111111111100001
1111111111111111111111111011111111111110111
1111111111111111111111111111111111100001111
1111111111111111011111111100111111100111111
1111111101101111111111110111111111111111111
1111111111111111111111111111111111111111111
1111111111101111111111111111111111111111111
1111100111100111111111111111111111111111111
1111111111111111111111111111111111111111111
1111111111111111111111111111111111111111111

0111100110000000001111111111111111111111111
0000001110000000000111111111110000000011111
0000000000000000000000000111111100011111111
1100000001110000001100011111111111111110111
1110000011111110011110011110000111110001111
1111000111111111111100011110000011110000111
1111000111111111101100001111000000000000011
1001000111111111100100000111100000000011101
0000000111111111111000011011100000111111110
0000000111111111111100000001111111111111110
1111111111111111111110100001111111111111110
1111111111111111111101100011111111111111111
1111111111111111111100110111111110111111110
1110011111111111111100000111111111111111110
0000011111111111111100000011111111111111100
0000111111111111111100000111111101111111000
0000111111111111111110000001111100111110000
0001111111111111111100000001111000001111000
0011111111111111111100000001110000001111111
0111111111111111111100011111110000011111111
0111111111111111111100011111100000011111111
1111111111111111111100111111100000011111111
1111111111111111111100111100001111111111111
1111111111111111111100001111100111111110011
1111111111111111111000001111111111111110011
1111111111111111111111111111111111111100111
1111111111111111111111111101111111111111111
1111111111111111111111111001111111111111111
1111111111111110111100000001111111110111111
1111111100111111111100000000011111100111111
1111111101111111111111100111111111111111111
1111111111111111111111111111111111111111111
1111111111111111111111111111111111111111111
1111111000001111111111111111111111111111111
1111111111111111111111111111111111111111111
1111111111111111111111111111111111111111111

0111100110000000011111111111111111111000110
0000000010000000001111111111111100110011111
0000000011100000000000011111111100111111111
1110000111111000000000111111111111000111111
1111000111111110001100011110011111100111111
1111000111111111001100011110001111000000111
1111000111111111011100000111000000000000011
1110000111111111111100000010000000011111101
0000001111111111111000011000000111111111100
0000111111111111111000011000111111111111110
1111111111111111111100100001111111111111110
1111111111111111111100110001111111111111110
1111111111111111111100100011111111111111110
1111111111111111111100000111111110111111110
1110111111111111111100000111111101111111100
0000111111111111111100000111111001111111000
0000111111111111111100000011111000111111000
0001111111111111111100000001111000001111000
0011111111111111111100011111110000001110001
0111111111111111111100011111110000001111111
0111111111111111111110011111110000011111111
0111111111111111111000111111100000011111101
1111111111111111111000111111000011111111001
1111111111111111110000011111100111101110011
1111111111111111110000011111111111111110111
1111111111111111111111111111111111111101111
1111111111111111111111111001111111111111111
1111111111111111011110010001111111111111111
0111111111111110111100000001111111110111111
1111111100111111111110000000011111100111111
1111111100011111111111111011111111111111111
1111111111111111111111111111111111111111111
1111111111111111111111111111111111111111111
1111111100111111110111111111111111111111111
1111111000111111111111111111111111111111111
1111111011111111111111111111111111111111111

0111000110000000000000111111111111110000000
0000000111100000000111111011111000000000011
1100001111110000000000111011100000000000111
1110011111111110000000111111110001000000111
1111011111111110001100011111110011000110111
1110001111111111001100000000000000000010111
1111001111111111011110000000000000001110011
1110001111111111111110011000000001011111001
1010001111111111111100011000001111111111100
0011111111111111111100011000011111111111100
1111111111111111111100110000111111111111110
1111111111111111111100110000011111111111110
0111111111111111111100000000001111111111110
1111111111111111111100000011111110111111110
1111111111111111111100000111111110111111110
0001111111111111111000001111111100111111100
0111111111111111111000000111111110011111100
1111111111111111111000000111111100000011000
0111111111111111111000011111111000000000000
1111111111111111110100001111110000000111000
0111111111111111100110111111100000000111000
0111111111111111100110111111100000001111111
1111111111111111100110001111000000011111111
1111111111111111000000011111100111111110111
1111111111111111100000111111111111111100111
1111111111111111100001111101111111111100111
1111111111111111000111111001111111110111111
1111111111111110001111110001111111111111111
1111111111111110111100000001111111111111111
1111111110001111111111100000111111111111111
1111111110011111111111111111111111111111111
1111111111111111111111111111111111111111111
1111111111111111110111111111111111111111111
1111111111111111111111111111111111111111111
1111111001111111111111111111111111111111111
1111110111111111111111111111111111111111111

1110000000000000000000111100011001110000011
1000000111110000000000010001110001000000001
1100001111111000000000111011000011000000011
1110011111111110000000110111100011000000111
1110011111111110000000010011000000000110111
1110011111111110001100000000000000000000111
1110011111111111111100010000000000011110011
1111001111111111111100011000000001011110000
1111101111111111111100011000000111111110000
1111111111111111111000011000001111111111000
1111111111111111111001110000000111111111110
1111111111111111111100110000001111111111110
0111111111111111111100000000001111011111111
1111111111111111111000000000011111011111111
0111111111111111111000000000111110011111110
0011111111111111110000001111111110011111100
0111111111111111110000001111111110011110000
1111111111111111100000001111110110011110000
1111111111111111101000011111111100000000000
1111111111111111111100011111110000110011000
1111111111101111111110011111100000111111000
0111111111001110001110111111100000111111111
1111111111011110001110000110000000111110111
1111111111111110000000001111000001111100111
1111111111111111100000011111101111111000111
1111111111111111000000111111111111111000111
1111111111111110000011111111111111111111111
1111111111111111111111110001111111111111111
1111011111111111111111100001111111111111111
1111111111000111111111100001111111111111111
1111111111111111111111111011111111111111111
1111111111111111111111111111111111111111111
1111111111111111111111111111111111111111111
1111111101111111111111111111111111101111111
1111111111111001111111111111111111110111111
1111110111111111111111111111111111111111111

1110000100000000000000010000011001110000011
1110000011111100000000000000010011110001100
1110001111111110001110001111110011100001111
1110011111111110001110111111110011000000111
1110011111111110000100011111000000000110111
1110011111111111100000100010000000000000011
1110111111111111110111110000000000011110011
1111111111111111111111111000000000011110001
1111111111111111111111111000000111111110000
1111111111111111111011111000000111111110000
1111111111111111111001110000000011111111100
1111111111111111111000110000000111111111100
1111111111111111111000000000001111001111100
1111111111111111110000000000001111001110001
1111111111111111100000000000011110011111001
0111111111111111100000000000101110011111111
0111111111111111000000001111100111111111100
1111111111111110000000011111110110111100001
1111111111100110001000011111111100011101000
1111111111100010011100011111110001111011000
1111111111000000111110011111100001111111111
0011111111000110011110111111100001111111111
1111111111001110011110010001100001111101111
1111111110000100110000001110100000111100111
1111111110011000000000011111111100111000111
1111111111111000000000111111111111000100111
1111111011111000111111111111111111111111111
1111111111111001111111111000111101111111111
1111111111111111111111110001111111111111111
1111111111101111111111000001111111111111111
1111111111111111111111100011111111111111111
1111111111111111111111111111111111111111111
1111111111111111111111111111111111111111111
1111111111111111111111111111111111101111111
1111111111111111111111111111111111110111111
1111101111111111111111111111111111111011111

1110000100000001100000000000011101110000011
1111000000001111100000000000010011110001100
1111000111111100001110011111111011100001110
1110001111111110001110111111111011000001111
1110011111111110000110011111110000000111011
1110011111111111100000111111111100000000011
1111111111111111110011111000111011011110101
1111111111111111110111111000100011111110111
1111111111111111110111111000000111111110000
1111111111111111111011111000000011111100000
1111111111111111111011110000000011111001100
1111111111111111111001110000000011110011100
1111111111111111110000000000000111101111000
1111111111111111100000000000000111001110000
1111111111111111000000000000001110001110001
1111111111111110000000000000001110001110011
0111111111111110000000000000111110111111111
1111111111100000000000011101110111111111100
1111111111000000011100011111111101111111101
1111111111000000011110011111110000111111111
0111111111000000001110011111100001111101111
0111111111000100000100111111100011111101111
0111111111001110111100111011110001111101111
1111111100001100111000000110111001111000111
1111111100000000000000001111111101110000011
1111111000000000010111111111111100001110111
1111111000110000111111111111111100011111111
1111100011100001111111111000111001111111111
1111111111110001111111100001111111111111111
1111111111101111111111111111111111111111111
1111111111101111111111111111111111111111111
1111111111111111111111111111111111111111111
1111111111111111111111111111111111111111111
1111111111111111111111111111111111101111111
1111111111111111111111111111111111100111111
1111111111110111111111111111111111111011111

0110001100000011100000000000011111111110011
1110000000000111111000000000111111110111100
1110000001111111011110011101111111000001110
1110000111111100011110111111111111000011111
1110011111111110000111011111111110000111001
1111111111111111110000111111111110011110011
1111111111111111110011110011111111111110111
1111111111111111110011111001111111111111111
1111111111111111110011111000000111111110000
1111111111111111111011111000000011111100000
1111111111111111110111111000000001111000000
1111111111111111110111110000000011111011100
1111111111111111100000100000000111111111101
1111111111111111000000000000000011101110000
1111111111111110000000000000000101001110000
1111111111110000000000000000001110001100001
0111111111000000010000000000001110011100011
1111111110000001110000000001100101111101111
1111111110000001111111011111110001111111111
1111111100000000000111011111110001111111111
1111111111000000000111001111100001111001111
1111111110000000001111111011100001111101111
0011111110000000111100111111100011111001111
1111110000000100111101001111111111111000111
1111110000000000011111101111111111110110011
1111110000000000011111111111111100011110011
1111111000000000111111111111111000111111111
1111110001000001111111111111110001111111111
1111100111010101111111111111111011101111111
1111111111101111111111111111111111111111111
1111111111001111111111111111111111111111111
1111111111111111111111111111111111111111111
1111111111111111111111111111111111111111111
1111111111111111111111111111111111111111111
1111111111111111111111111111111000000111111
1111111111111111111111111111111111110011111

0110001111100001100000000000011111111111111
0111001111000011110000000000011111110111101
1111000000111011111100011101111111100001110
1110000011111100011110011111111111000111111
1011111111111111011110011101111110001111000
1111111111111111111111111111111110011111011
1111111111111111110011111011111111111110111
1111111111111111110011111001111111111111111
1111111111111111110011111000111111111110000
1111111111111111110011111000000001111100000
1111111111111111110111111000000001111000000
1111111111111111100111110000000011111001110
1111111111111110000011110000000011111111101
1111111111111100000000000000000011111111000
1111111111100000001100000000000011111110000
1111111111000000000100000000001110001100001
1111111110000000110000000000011111001000111
1111111100000001111010000001101111111101111
1111111100000001111111011001100001111111111
1111111100000001111111011111110000111101111
1101111000011000000011001111110000111111111
1110000000011000001011000111100001111001111
1111000000000000111100000111100111111001111
1111100000000111111101110111101111110001111
1111100000000111111111111111111111110110011
1111110000000000111111111111111111111111001
1111110100000000111111111111111000111110001
1111111111000000111111111111100001111111111
1111100011000111111111111111110011110111111
1111111111001111111111111111111111111111111
1111111111011111111111111111111111111111111
1111111111111111111111111111111111111111111
1111111111111001111111111111111111111111111
1111111111111000011111111111111111111111111
1111111111111111111111111111111000000111111
1111111111111111111111111111111111100011111

0110011111111101100000000001001111100111111
0111011111111011100000001000011111110111101
0111011111111111111000111111111111100001110
1111100011111110011110011111111111100111111
1111110111111111011110001101111111001110011
1111111111111111101110000111111111111111111
1111111111111111110011111011111111111110110
0111111111111111110011111011111111111100000
0111111111111111110011111000111011111100000
1111111111111111100011111000000001111100000
1111111111111111000111110000000001011000000
1111111111111111000111110000000011111000010
1111111111111110000011110000000001111111111
1111111111111100000001100000000011111111100
1111111111000110011100000000000011111110001
1111111100000000011110000000000111111100111
0111111100000000001100000000000111001100111
1111111100000001111010000000011111001111111
1111110000000001111111000001111110011111111
1111100000000001111111011111111000111101111
1111100000011000111111011111110000000000111
1111000000111100011000000111100000000000111
1111000000011000111100000111100011100001111
1111100000010011111111110111101111100001111
1111100000000011111111111111100111110111011
1111110000000001111111111111111111111111000
1111110000000111111111111111111000011110001
1111111111101111111111111111100000111111111
1111111111111111111111111111000001110011111
1111111111011111111111111111110111111111111
1111111110011111111111111111111111111111111
1111111111011111111111111111111111111111111
1111111111111110111111111111111111101111111
1111111111111101111111111111111111111111111
1111111111111111111111111111111111100111111
1111111111111111111111111111110000000011111

0011011111111111000000000011000011000011111
0011011111111111100000001111011110000111111
0111011111111111100000111111011111100110111
1111100011111110011100000111111111100110111
1111111011111111111100000111111111011111110
1111111111111111111110001111111111111111111
1111111111111111110001111111111111111111110
1111111111111111100011110001111111111100000
0111111111111111100011111000111001111100000
0111111111111111100011111000000001111100000
1111111111111111000111111000000001111000000
1111111111111111100111110000000001111000000
1111111111111111110011110000000001111100110
1111111110111111111011110000000001111111100
1111111111111111111101100000000011110111011
1111111100111111111100000000000011110111111
1111111000011111111100000000000011100111111
1111111000001111111110000000001111100111111
1111110000100011111111000000111110011111110
1111100000000001111111011011111110011110000
1111000000011001111111011111111000000100011
1111000000111100111100001111110000000000111
1111000000111000011101100111100011000000111
1111100000111000011111100111100111100000111
1111110000011000001111111111100111100111000
1111110000000000011111111101111111101111000
1111100000001111111111111111111000001111111
1111111111111111110111111111000000111011111
1111111111111111110011111110000001110111111
1111011111111111111111111100000011111111111
1111111111011111111111111111101111101111111
1111111110011111111111111111111111101111111
1111111110011111111111111111111111101111111
1111111111111111111111111111111111101111111
1111111111111111111111111111111111100111111
1111111111111111111111111111111100000001111

0001111111111111100000000011100010000011111
1011111111111111000000011111011100000111111
0111101111111111000000011110111111100111111
0111110111111100001000000001111011100111111
0111110011111111011100000011111111011111110
1111111011111111111100001111111111111111110
1111111111111111100000111111111111111111110
1111111111111111100001111001111001111100000
1111110111111111100001111000111000111100000
0111111111111111001111111000000001111100000
0111111111111110001111111000000001111100000
1111111111111111110111111000000001111100000
1111111110111111111111110000000001101100000
1111111100111111111111110000000001101100000
1111111111111111111111000000000001110110111
1111111111111111111110000000000001110110111
1101100000111111111110000000000011110011111
1101000001111111111100000000001111000111111
1111000001111111111110000000111110011110000
1000000001111111111111001001111100001110000
1100000000110111111111011111110000000000001
1111100000111111111110001111110000000010011
1111100000111111111101011111100011000000111
1111110001111011111111111111100111111000111
1111110000011110000111110111101111111111011
1111111000000000001111111001001111111111001
1111111000001111100011111100000011111111110
1111111111011111110000111110000000011011111
1111111111011111110111111110011000110111111
1111111111111111111111111100110011100111111
1111111111111111111111111111001111101111111
1111111000011111111111111111111111100111111
1111111110111111111111111111111111101111111
1111111111111111111111111111111111101111111
1111111111111111111111111111111111101111111
1111111111111111111111111111111110000011111

1111111111111111110000000111111110000011111
1111111111100111100000011100000110000111111
1111101111101111000000011011111111100111111
0101101111111110010000000001111011100111111
0111111111111110011100001111110011100111100
0111111111111111111100011111111111111111100
1111111111111111100001111111111111111111110
1111111111111111100001111111111000011111000
1111100111111111100111111000111000011100000
1111100111111110001111100000000001111100000
0111111111111100001111110000000001111000000
1111111111111111111111110000000001111000000
1111111100111111111111110000000001100000000
1111111101111111111111100000000001100000000
1111111111111111111111000000000001100000001
0111111111111111111111000000000001110000111
1101100011111111111111000000000011110000111
1111000011111111111110000000001111111000110
1110000011111111111100000000111111011000000
1100000011111111111111001001110000000000000
1000111011110110111110011111110000000000000
1110111000111011111100011111010000000110000
1111011000111111111110011111100000000111111
1111110001111111111110011111100111111001111
1111111001111111111110011111101111111111111
1111111000011111001110000011001111111111111
1111111100000111100001100000001111111110011
1111111000011111110010011000001000001001111
1111111111111111111110111100111100000111111
1111111111111111111111111101111100001111111
1111111111111111111111111100011111001111111
1111111111111111111111111111011111101111111
1111111100111111111111111111111111101111111
1111111101111111111111111111111111101111111
1111111111111111111111111111111111101111111
1111111111111111111111111111111110000111111

1111111111110011111000001111111110000011111
1111111111111111110000011111001110000111111
1111101111101111100000000011111110000111111
0110100111111110011000000011111001100101111
0011111111111100011100001111100011100101110
0111111111111110000100011111011111111111100
0111111111111111100000111111111111111111100
1111101111111111100111111111111000111011100
1111101111111111001111111000000000111000000
1111000111111110001111100000000001110000000
0111100011111100011111100000000001110000000
1111110000111111111111100000000001111000000
1111110000111111111111110000000001111000000
1111111001111111111111110000000001100000000
1111111111111111111111100000000001110000000
1101100011111111111111100000000000110000000
1101100011111111011111000000000011111000000
1111000011111111111111000000010111111000000
1111100011111111111100000000111111111000000
0011110111111111111110000001111000000000000
0000111111111101111110011111110000000000000
0000111111110111111110001111110000000000000
1111011001111111111110011111100000000011111
1111100101111111111110011111100111111011111
1111111011111111111110000111101111111111111
1111111001111111111111110011111111111011111
1111111110000111001111110000011111111111111
1111111110001111110110111110011111101111111
1111111111111111111110111111111100110001111
1111111111111111111111111111111110111111111
1111111111111111111111111100111111011111111
1111111111111111111111111110011111011111111
1111111011111111111111111111111111001111111
1111110001111111111111111111111111001111111
1111111111111111111111111111111110001111111
1111111111111111111111111110111111000111111

1101111111000011111100011111111110000010000
1101111111011111111000011111101110000110011
1111110111011111100000010011111100000110111
1111110111111111011100000111111001000100111
0010111111111110011100001111110111000000111
0111101111111110001100111111001111111110000
0111101111111111000000111111111111111111000
1111101111111111000111111110111000111011000
1111111111111110001111110000000000111000000
1111101111111100001111100000000001110000000
0011100001111000011111100000000000100000000
1111000000000011111111100000000001110000000
1110000000011111111111110000000001101000000
1111000001111111111111100000000001110000000
1111000001111111111111100000000000110000000
1100000011111111111111100000000000110000000
0100000011111111111111100000000000110000000
0111000001111111111111000000110001110000000
0111100001111111111111000000111111111000000
0011100011111111111111000000111111000000000
0001111111111111111111011111111000000000000
0001111111000111111111001111111000000000000
0011100000111111111111001111100000000011111
1011101111111111111110000111100111111011111
1111111111111111111111100111101111111111111
1111111111111111111111110111111111111001111
1111111111100111111111111100011111111111111
1111111111001111100111111110011111111111111
1111111111111111111111111111111100110111111
1111111111111111111111111111111111110011111
1111111111111111111111111111111111111111111
1111111111111111111111111100111111011111101
1111110111111111111111111110111110011111110
1111110001111111111111111111111110001111111
1111110011111111111111111111111110001111111
1111111111111111111111100001001111000111111

1101111111111011111110011111111100110010000
1101111111011111111100010011101110000110000
1101111111011111110000000011111000000110000
0011111111111111111000001111111000000000000
0010110111111111001100001111111110000000000
0111110111111110001100111111111111011110000
0111111111111111000100111110011111111110000
0111111111111110000111010000000011111110000
1101101111111110000111100000000000110000000
1111101111111000001111100000000011110000000
1011001111111000001111100000000001100000000
1110000001100001111111100000000000000000000
1110000000011111111111100000000001110000000
1111000000111111111111100000000001111000000
1111000000111111111111011000000000111000000
0000000001111111111111000000000000111000000
0000000001111111111111100000000011110000000
0000000000111111111111100000010111110000000
0000000000111111111111100000111111110000000
0000000001111111111111100001111111100000000
0000111011011111111111111111111110000000000
0011111110001111111111101111111100000000000
0111110110000111111111100111110000000001111
0111100110110111111111001111100011110011111
1111100111110111111111101111100111111111111
1111111111100111111111111111101111111111111
1111111111111111111111111110011111111111111
1111111111100111001111111100011111111111111
1111111111111111111111111101111100111111111
1111111111111111111111111111111111111111111
1111111111111111111011111111111111101111111
1111111111111111111111111100111111011111111
1111111111111111111111111100111100001111111
1111100011111111111111111111111100001111110
1111110011111111111111111111110000001111111
1111111111111111111111100011001111100011111

1101110111111111111111111111110001111011000
1001111111111111111110011011100000110110000
0001111111111111111000000011111000100110000
0011111111111111110000001111111000000000100
0010110111111111001100001111111000000000000
0110110111111110001101111111111100010100000
0111111111111110000101111100000011111100000
0111111111111110000000110000000111111100000
1111111111111100000010000000000001111000000
1111101111111000000111100000000011110000000
1111101111111100000111100000000001100000000
1111001111111100000000000000000001100000000
1110000001111111110001000000000001110000000
1111000000011111111001100000000000110000000
1110000000011111111100110000000001111000000
1100000000111111111111000000000011110000000
1000000000111111111111100000000111110000000
0000000000011111111111110000011111100000000
0000000000101111111111110000011111110000000
0000000001101101111111110000111111100000000
0000000001101111111111111111111111000000000
0000011010000111111111111111111111000000000
0111110110000111111111100111111001000000111
1111101111000111111111000011110011110011111
1111100110000111111110001111100111111111111
1111111011000111111101111111101111111111111
1111111111111111111001111110011111111011111
1111111111111111000111111110001111111111111
1111111111101111000111110000111100111111111
1111111111111111111111111011111111111111111
1111111111111111111000111111111111111111111
1111111111111111111111111100111001111111111
1111111111111111111111111101111000111111111
1111000011111111111111111111111100001111110
1111110011111111111111100111100000000111100
1111111111111111111111000111001111100001111

1001110011111111111111111111111001111111111
1000110011111111111111011111100000110110011
0001111011111111111110000111100001110100100
0000111111111111111000001111110000110000110
0011111111111111111000001111111000010000010
0010110111111111001100111111111000000000100
0011110111111110000001111101110001111100000
0011111111111111000000000111000111111100000
1111111111111010000000010000000111111100000
1111111111110010000000010000000011110000000
1111101111111100000000000000000001110000000
1111101111111100000000000000000001110000000
1111000110111111100000000000000001110000000
1110000000011111110000000000000001110000000
0000000000011111111000000000000011110000000
1100000000011111111111100000000111100000000
1100000000011111111111110000001111110000000
0000000000001111111111110000011111100000000
0000000001101111111111110000111111100000000
0000000001111100011111111100111111000000000
0000000011111101111111111111111111000000000
0000000010000111111111111111111111000000000
0000001111000111111111000111111111100000011
0111101111110111111110000011110111100011111
1111111111110111111110000011100011110011111
1111111111111111111110001111101111111111111
1111111011111111111110001111001111111111111
1111111111111111110000011111001111111011111
1111111111111111000000001111100011110111111
1111111111111110000011100111111111111111111
1111111111111111111111001111100111111111111
1111111111111111111111111110110111111111111
1111111111111111111111111001111111111111111
1111000111111111111111110111111111111111111
1111110011111110011000000111101000100111101
1111111111111110111111000010001111000001111

1100000011111111111111111111111001111110011
1000000011111111111111101111110001111110011
0000000011111111111110000111100001111110111
0000111111111111111100001111100000111110111
0001111111111111111000111111110000111000111
0011111111111111110000111111110000011000100
0011110111111111100000000001111000011100101
0111110111111111100000001001111111111100000
1111111111111111000000111000000111111100000
1111111111111010000000110000000011111000000
1111101111111000000000101000000001110000001
1111111111111100000000000000000001110000000
0011101111011110000000000000000001110000000
0000000110011111110000000000000000110000000
0000000000011111111000000000000010000000000
0000000000011111111111100000000111100000000
0000000000001111111111110000011111100000000
1000000000001111111111110000011000000000000
1000000001111111001111110000111100000000000
0000000001111110011111111110111111000000000
0000000011111000111111111111111111000000000
0000000111101110111111111111111111000000000
0000001111111111111111000111111111110000001
0011101111111111111111000011110111100011111
0001111111111111111111000011100011100011111
1001111111111111111111000111100111110011111
1111111111111111111110001111001111110111111
1111111111111111111000001111001111110111111
1111111111111111100000001111100001100011111
1111111111111111111000001111100111100011111
1111111111111111111100000111100111001111111
1111111111111111111111111111000110111111111
1111111111111111111111110011101111111111111
1111000111111111111111110111111111111111111
1111110011111111111100000111111111101111111
1111111111111101111111000000000000100111111

1100000001111111111111111111110001111000000
1000000011111111111111101111110001111110001
0000000011111111111111000111110001111111111
0000111111111111111110001111000001111111111
0001111111111111111100111100000000111111111
0001111111111111110000110000000000111111100
0011111111111111110000001100000100111011101
1010110111111111100100011000001111111100001
1100110111111111001110011100000111111100001
1100110111111110000000111000001111111000100
1111111111111000000000001000000111110000101
0011101111111100000000000000000001110000000
0011101111111100000000000000000001100000000
0010001111001111100000000000000000000000000
0110000000000111110000000000000110000000000
0000000000001111111001100000001111000000000
0000000000000111111111110000011111100000000
0000000000000110000111110010011000000000000
0000000001111110001111110110011100000000000
0000000001111100011111110110011100000000000
0000110011111000011111111111011100000000000
0000000101111111111111011111111110000000000
0000111111111111111111001111111111100000000
0011111111111111111111100011111111100001111
0011011111111111111111100011110011100011111
1000111111111111111111100111110000100011111
1111111111111111111111100110100000100011111
1111111111111111111110001111000000100011111
1111111111111111110000001111000000000011111
1111111111111111111000001111100000000001111
1111111111111111111111101111000000000011111
1111111111111111111111111111001101111111111
1111111111111111111111111011001111111111111
1111001111111111111111110011001111111111111
1111110111111111111111111000000011111111111
1111111101111001111110000000000011101111111

1100001101111111111111111111110010110000000
1000000001111111111111111111110001110000000
0000000011111111111111100101110001111110000
0000111011111111111111001110000000111111110
0001111111111111111100000110000000111111110
0001111111111111111110000100000000011111100
0011111111111111111110001100000000011111111
1110111111111111111111001100000000001111111
1110010111111111001110011100000011111000001
1100100111111110000000111000000111111000000
1000100111111100000000001000001111111000100
0011101111111000111110000000001111110000000
0011101111111000111110000000000001000000000
0011001111100111000000000000000011000000000
0110000110000011100000000000000110000000000
1100000000000001110011000000000111000000000
0000000000000000010111100000011111000000000
0000000000000000011111110011011011000000000
0000000001100000001111110111011100000000000
0000011001110000001111100111111100000000000
0000111111111000001111111111111100000000000
0001111100111111111111111111111010000000000
0001111111111111111111011111111010000000000
0111111111111111111111111101111111000000011
1111111111111111111111110011111111100001111
1111001111111111111111110001111111100001111
1111111111111111111111110000011111100011111
1111111111111111111111011100011011100011111
1111111111111111111111111110000000000011111
1111111111111111111111101110000001000001111
1111111111111111111111111111000000000001111
1111111111111111111111111110011111111111111
1111111111111111111111111000011111111111111
1110001111111111111111110000011111111111111
1111100111111111111111111000000011111111101
1111111100111111111111100000000001101111111

0000001111111111111111111100001111010000000
0000000001111111111111111111110011111000000
0000000001111111111111110111110011111000000
0001000011111111111111100110000000111000000
0001111111111111111110000110000000111101110
0001111111111111111110000110000000011111110
0011111111111111111110001100000000001111101
1111111111111111111111001100000000000001111
1110110111111111111111001100000000000000000
1100110111111111000000001100000001110000000
0111110111111110100000001100001111111000000
0111100111111100111110001111011111110000000
0111101111111000011110001111111111100000000
0011001111111110000000001110111111100000001
0110001111000011100000000000110111000000000
1100000000000000100000000001100011000000000
1000000000000000000000000011100010000000000
0000000000000000010111100011101110000000000
0000000000000000010111110011111100000000000
0000111101100000001111100111111110000000000
0001111101110001111111100011111110000000000
0001111100111111111111111101111010000000000
0011111000111111111111111101111010000000000
0111111111101111111111111101111111000000001
1111111111101111111111110001111111100000011
1111001111110111111111110001111111100000111
1111111111110111111111110000011111100001111
1111111111111111111111110000011011100001111
1111111111111111111111110000000000000001111
1111111111111111111111111010000011000001111
1111111111111111111111111011000111100000111
1111111111111111111111111111101111111110111
1011111111111111111111111100011111111111110
1110011111111111111111111000111111111111111
1111101111111111111111111101111111111111100
1111111001111111111111111111111111101111111

0000001111111111111111111100000111110000000
0000000001111111111111111110000111111000000
0000000001111111111111111111000111101000000
0001000001111111111111110011000011110000000
0001111011111111111111100000000000110000110
0001111111111111111110000100000000111111111
0111111111111111111110000110000000011011111
1111111111111111111110000100000000000000011
0111110011111111111110001000000000000000000
1110110111111111000010001000000000010000001
1111110111111111111000001111000111111000000
0111110111111110111110011111111111110000000
0011100111111000011110011111111111110000001
0011001111111100000000011111111111100000011
0110001111101000000000000001111111100000011
1100011111000000000000000001111111000000001
1100000000000000000000000001111110000000000
0000000000000001000001100011111110000000000
0000000000000001100111110011111100000000000
0000111100000000111111110011111110000000000
0001111100000111111111100011111110000000000
0011111100001111111111111101111110000000000
0011110001111111111111111101111110000000000
0111110000111111111111111101111111000000001
1111111111101111111111110001111111100000011
1111101111100111111111110000111111110000011
1111111111100111111111110000111111100000111
1111111111111011111110110110011111100100111
1111111111111111111111111111000111101110111
1111111111111111111111111111000111100111111
1111111111111111111111111111111111110000011
1111111111111111111111111111111111111111000
1111111111111111111111111111111111111111110
1111111111111111111111111011111111111111110
1111100111111111111111111111111111111111100
1111111011111111111111111111111111111111101

0000001111111111111111111100000011110000000
0000000001111111111111111100000011111000000
0000000001111111111111111100000111111000000
0000000001111111111111111000000011111110000
0000000001111111111111110000000000100110000
0000001011111111111111000000000000110111111
0011111111111111111110000000000000010011111
0111110011111111111110000000000000000000011
0011100011111111111110000000000000000000001
0110100011111111100100000000000000000000011
1111110111111111111100000100000000100000001
1011110111111110111111011111101111110000000
0011100111111100111110011111111111110000011
0011101111111000001100011111011111100000011
0110111111100000000000000000111111100000111
0111111111000011000111000000111111000000011
1000011000000011100110000001111111000000011
1000000000000011100100000001111110000000001
0000000000000011100111100001111110000000000
0000011100000000111111110001111100000000001
0001111111100111111111110000111110000000001
0011111111110111111111111101111110000000000
0001110001111111111111111101111100000000000
0011111000111111111111111101111111000000000
0111111001111111111111111100111111100000011
1111111111110011111111000000111111100000001
1111111111100011111100001111111111100100000
1111111111111111111100011111111111111111000
1111111111111111111111111111111111111111110
1111111111111111111111111111111111111111110
1111111111111111111111111111111111100111100
1111111111111111111111111111111111111111110
1111111111111111111111111111111111111111111
1111111111110111111110000001111111111111111
1111111111111111111110000011111111111111110
1111110001111111111111111111111111111110000
<end>
